0600000
0600028
0600015
0600081
0600127
0600089
0600108
0600159
0600171
0600133
0600203
0600257
0600210
0600269
0600396
0600361
0600483
0600488
0600502
0600515
0600496
0600510
0600498
0600578
0600644
0600642
0600660
0600674
0600665
0600676
0600648
0600744
0600835
0600781
0600805
0600897
0600854
0600846
0600881
0601098
0601007
0601169
0601258
0601208
0601558
0601177
0601318
0601890
0601929
0601588
0601628
0601928
0601601
0601857
0603698
0603599
0000016
0000027
0000096
0000099
0000035
0000159
0000417
0000541
0000419
0000545
0000572
0000636
0000665
0000722
0000735
0000897
0000886
0000868
0000948
0000926
0002031
0002029
0000979
0000998
0001896
0002060
0002104
0002097
0002107
0002064
0002162
0002158
0002140
0002172
0002218
0002263
0002275
0002336
0002381
0002534
0002570
0002549
0002666
0002734
