0600031
0600156
0600196
0600261
0600290
0600429
0600470
0600446
0600540
0600585
0600570
0600597
0600633
0600641
0600686
0600723
0600718
0600727
0600720
0600781
0600828
0600812
0600861
0600889
0600969
0600966
0600981
0601000
0601139
0601126
0601777
0601636
0603002
0601996
0603021
0601966
0603116
0603117
0603318
0603456
0603520
0603788
0603996
0603969
0603979
0000019
0000012
0000017
0000153
0000557
0000672
0000687
0000713
0000783
0000831
0000822
0000903
0000862
0002017
0002142
0002195
0002215
0002206
0002270
0002294
0002398
0002406
0002455
0002438
0002461
0002521
0002572
0002607
0002641
0002731
0002728
0002772
0002785
0002750
