002793
002793
002720
002785
002793
002792
002751
002739
002707
002740
002767
002781
002710
002780
002788
002773
002763
002787
002743
002782
002688
002742
002748
002761
002667
002777
002741
002769
002747
002701
002789
002771
002768
002786
002713
002756
002778
002722
002726
002721
002729
002675
002671
002755
002758
002712
002705
002750
002725
002731
002762
002678
002737
002779
002716
002752
002697
002765
002694
002790
002698
002783
002749
002760
002736
002766
002759
002770
002706
002728
002738
002676
002757
002692
002711
002684
002718
002695
002669
002791
002730
002666
002699
002772
002753
002734
002724
002682
002723
002746
002687
002733
002727
002715
002668
002681
002680
002702
002690
002693
002709
002696
002686
002700
002714
002735
002775
002719
002708
002745
002689
002732
002703
002776
002717
002674
002679
002691
002673
002665
002664
002663
002677
002683
002657
002650
002685
002670
002672
002659
002653
002661
002656
002651
002647
002655
002662
002660
002644
002654
002658
002649
002643
002629
002641
002648
002640
002645
002637
002652
002628
002635
002626
002634
002642
002618
002630
002639
002631
002632
002627
002633
002620
002624
002646
002638
002636
002619
002602
002625
002621
002604
002622
002601
002614
002609
002600
002616
002623
002617
002613
002611
002599
002605
002615
002608
002610
002607
002603
002598
002590
002584
002612
002606
002594
002581
002588
002593
002572
002583
002596
002582
002587
002575
002567
002580
002589
002577
002574
002592
002585
002568
002591
002578
002579
002597
002573
002571
002555
002561
002570
002569
002595
002576
002540
002558
002562
002536
002565
002537
002535
002586
002564
002560
002547
002566
002559
002546
002548
002557
002534
002542
002554
002550
002549
002551
002539
002563
002556
002538
002545
002544
002552
002523
002512
002518
002530
002553
002510
002527
002522
002514
002543
002516
002541
002517
002533
002513
002507
002519
002515
002526
002529
002494
002528
002521
002505
002509
002495
002532
002531
002524
002511
002504
002499
002497
002492
002520
002508
002493
002502
002491
002496
002490
002485
002498
002506
002503
002471
002501
002474
002480
002470
002483
002500
002479
002488
002489
002487
002465
002467
002463
002462
002468
002461
002473
002464
002482
002472
002475
002486
002459
002477
002466
002469
002481
002476
002484
002452
002458
002441
002427
002437
002460
002443
002451
002444
002445
002478
002457
002453
002447
002449
002433
002442
002421
002436
002450
002426
002431
002448
002430
002456
002455
002424
002429
002435
002423
002446
002438
002439
002408
002425
002413
002428
002418
002405
002440
002414
002406
002411
002420
002432
002434
002402
002404
002419
002403
002410
002416
002422
002417
002409
002396
002407
002412
002400
002384
002390
002377
002391
002379
002398
002415
002401
002399
002382
002395
002388
002394
002376
002380
002385
002368
002373
002387
002386
002370
002392
002393
002369
002381
002383
002389
002454
002371
002397
002356
002353
002365
002374
002378
002372
002362
002354
002358
002367
002361
002375
002357
002364
002366
002347
002360
002334
002335
002344
002355
002350
002359
002348
002349
002352
002343
002329
002331
002337
002332
002327
002363
002351
002339
002325
002333
002326
002346
002345
002342
002340
002324
002328
002338
002341
002336
002296
002300
002315
002311
002330
002320
002317
002308
002319
002303
002322
002312
002293
002295
002310
002316
002305
002307
002304
002321
002289
002323
002306
002314
002302
002313
002301
002297
002276
002318
002283
002291
002273
002299
002290
002287
002292
002309
002294
002288
002259
002243
002284
002272
002269
002286
002274
002265
002271
002254
002278
002277
002281
002270
002275
002244
002242
002279
002248
002252
002255
002282
002239
002280
002268
002250
002251
002262
002267
002258
002245
002260
002247
002253
002222
002263
002298
002246
002231
002266
002221
002256
002236
002232
002240
002249
002207
002228
002241
002223
002227
002220
002238
002233
002226
002213
002235
002230
002285
002234
002229
002224
002237
002218
002210
002215
002219
002264
002205
002208
002216
002225
002203
002209
002211
002204
002180
002195
002178
002202
002214
002261
002193
002212
002184
002206
002201
002190
002198
002183
002200
002176
002199
002188
002181
002179
002187
002156
002165
002196
002174
002182
002172
002173
002194
002177
002192
002197
002185
002175
002170
002158
002164
002161
002154
002169
002153
002171
002159
002151
002167
002160
002217
002162
002155
002166
002157
002168
002150
002152
002140
002144
002145
002137
002147
002135
002132
002141
002143
002126
002133
002117
002148
002191
002136
002138
002163
002121
002142
002129
002107
002119
002130
002127
002118
002128
002131
002115
002116
002101
002100
002189
002120
002106
002124
002122
002125
002109
002092
002082
002113
002093
002108
002104
002091
002087
002111
002112
002114
002110
002102
002139
002079
002105
002099
002098
002146
002083
002097
002085
002149
002077
002134
002059
002062
002086
002067
002096
002081
002056
002073
002090
002084
002078
002080
002058
002094
002075
002186
002061
002089
002088
002060
002057
002074
002066
002046
002065
002064
002044
002103
002070
002123
002071
002053
002042
002069
002063
002051
002047
002045
002049
002037
002035
002039
002040
002019
002015
002041
002050
002043
002021
002034
002033
002029
002025
002095
002036
002018
002032
002014
001979
002028
002072
002013
002027
002030
002008
002022
002076
002020
002068
002002
002026
002055
002005
002048
002001
002011
000982
002052
000981
002007
000996
000977
000985
000993
000973
002003
000998
000971
000995
002038
000979
000972
002012
000976
002017
002054
002024
000959
000989
000966
002031
000969
002009
000965
000955
000987
002006
002004
000958
000990
000938
000948
000935
000931
000970
000975
000980
000967
000929
000983
001696
000952
000999
000925
000926
000917
002023
002016
000913
000905
000968
000997
000899
000922
000937
002010
000919
000903
000889
000900
000953
000890
000978
000920
000951
000928
000957
000923
000915
000918
000949
000930
000875
000882
000901
000902
000863
000988
000911
000932
000881
000861
000893
000852
000963
000848
000862
000921
000836
000961
000831
000851
000912
000838
000835
000829
000950
000892
000908
000877
000887
000962
000828
000816
001896
000820
000823
000819
000812
000821
000850
000898
000806
000801
000803
000933
000798
000811
000833
000837
000796
000800
000895
000960
000799
000822
000802
000786
000815
000883
000788
000783
000936
000860
000939
000910
000797
000768
000776
000825
000757
000778
000779
000856
000758
000916
000761
000809
000767
000750
000760
000810
000792
000906
000830
000755
000737
000885
000725
000732
000729
000818
000791
000839
000756
000722
000723
000927
000717
000719
000705
000878
000693
000736
000710
000688
000690
000695
000700
000691
000701
000766
000880
000751
000681
000793
000858
000670
000672
000738
000813
000676
000869
000702
000716
000780
000748
000677
000712
000665
000777
000789
000697
000733
000666
000739
000785
000692
000703
000686
000657
000659
000635
000807
000708
000698
000650
000629
000715
000652
000790
000631
000638
000886
000668
000622
000667
000826
000663
000759
000617
000620
000909
000683
000616
000720
000615
000655
000687
000608
000628
000603
000762
000859
000876
000868
000597
000587
000625
000673
000600
000591
000592
000707
000596
000795
000727
000897
000610
000623
000571
000568
000567
000598
000563
000557
000570
000726
000558
000553
000565
000599
000639
000626
000731
000671
000548
000632
000593
000541
000590
000540
000582
000552
000633
000584
000537
000656
000682
000612
000536
000566
000680
000534
000721
000520
000611
000709
000560
000521
000782
000661
000517
000529
000713
000519
000669
000564
000630
000685
000544
000543
000585
000547
000545
000538
000606
000533
000711
000506
000511
000728
000425
000498
000530
000417
000413
000627
000415
000605
000637
000402
000555
000586
000403
000411
000166
000609
000502
000333
000400
000338
000636
000607
000601
000156
000678
000151
000505
000524
000526
000589
000513
000428
000410
000753
000155
000888
000509
000090
000516
000061
000159
000561
000504
000301
000507
000049
000679
000752
000503
000401
000408
000038
000409
000100
000153
000035
000033
000099
000048
000089
000036
000150
000518
000510
000066
000059
000423
000026
000581
000613
000662
000030
000651
000430
000058
000021
000017
000718
000096
000488
000010
000420
000056
000069
000528
000554
000576
603999
000039
000009
000416
000419
000001
603998
603989
000735
603997
000002
603988
000028
603996
603979
603993
000595
603969
000020
603919
000060
603968
603899
603918
603939
603898
000027
603936
000157
603885
000040
000531
603889
603901
603883
603869
603868
603861
603866
603838
000550
603828
603818
000559
000046
000018
000006
000619
603800
000070
603806
000043
603798
000426
603808
603789
000404
603799
000551
000007
603778
000011
603788
000042
603718
000037
603726
000034
603703
603698
603766
603729
603701
000158
000539
603699
603688
603686
000078
603696
000062
603669
603678
603636
603616
603618
000032
000012
603611
603608
603609
000088
603600
603601
603599
603589
603598
603568
603606
603566
603567
603588
603520
603558
000421
000546
000422
000004
603518
603555
603508
603519
000023
603338
603377
603368
603398
603456
603399
603315
603311
603355
603318
603328
603366
603308
603309
603333
603306
000525
603300
603369
603268
603299
000514
000055
603288
603227
603222
603223
000407
603198
603166
000029
603168
000532
603117
603088
603188
603111
603116
603199
603118
603169
603108
603085
603030
603158
603066
603029
603128
603028
603099
603100
603077
000050
603027
603167
603126
603011
603012
000573
603025
603023
603026
603123
603021
603020
603015
603017
603018
603010
000005
000019
603019
601985
603009
603022
601968
603001
601969
603005
601992
601989
601988
603008
601996
603002
601965
000045
601933
601958
603003
603006
603000
601929
601998
601991
601900
601939
601928
601999
601908
601899
000418
601877
601888
601919
601880
601866
601886
601798
601901
601801
601799
601800
601918
601777
601890
601898
601872
601717
601818
000429
601727
601788
601789
601689
601857
601808
601669
601700
601608
601579
000572
601677
601567
601566
601688
601766
601678
000022
601390
601555
000501
601599
601668
601636
601558
601519
601377
601633
601518
601515
000016
601628
601368
601588
000523
601369
601339
601600
601616
601336
601618
601226
601388
601238
601225
601231
601198
601218
601328
601313
601211
601258
000025
601179
601333
601222
601233
601311
601699
601199
601216
601116
601208
601188
601186
601288
601101
601177
601601
601098
601318
601069
601117
601038
601158
601137
000063
601100
601126
601155
601021
601118
601020
601099
601168
601106
601139
601018
000031
601015
601058
601107
601009
601016
600997
601113
601169
601007
601005
601028
601166
601012
601088
601001
601718
600999
600998
600992
600985
600976
601010
600995
601111
601003
600969
601006
600961
601008
600979
600973
601000
600970
601011
600975
601002
600971
600959
600990
600988
600958
600978
600983
600965
600962
600986
600967
600885
600894
601666
600917
600888
600980
600896
600982
600882
600875
600966
600895
600872
600900
600887
600981
600987
600866
600886
000014
600892
600870
600858
600868
600853
601398
600884
600893
600891
600859
600963
600898
600879
600846
600847
600843
600993
600851
600850
600889
600835
600863
600867
600960
000008
600845
600833
600877
600826
600861
600876
600834
600864
600831
600830
600860
600825
600869
600816
600818
000068
601607
600897
600792
600807
600801
600827
600789
600795
600800
600797
600811
600785
600774
000065
600857
600874
600780
600775
600854
600880
600757
600766
600822
600765
600828
600883
600761
600796
600750
600754
600782
600753
600764
600769
600730
600873
600743
600815
600741
600837
600812
600790
600759
600783
600781
600836
600723
600848
600739
600838
600770
600773
600808
600771
600787
600839
600712
600746
600740
600748
600738
600784
600713
600705
600776
600742
600810
600755
600708
600711
600727
600871
600794
600791
600731
600707
600728
600699
600768
600814
600855
600751
600747
600805
600820
600798
600737
600881
600681
600718
600763
600690
600716
600719
600733
600735
600684
600890
600673
600744
600726
600701
600671
600703
600749
600715
600658
600824
600666
600856
600655
600667
600819
600654
600657
600778
600865
600695
600663
600693
600653
600714
600734
600651
600682
600647
600725
600724
600698
600844
600694
600624
600696
600648
600635
600661
600745
600841
600802
600616
600643
600829
600650
600649
600729
600717
600689
600606
600599
600760
600758
600823
600586
600597
600704
600596
600594
600595
600687
600589
600593
600582
600592
600579
600615
600679
600588
600604
600641
600577
600585
600662
600583
600584
600580
600578
600565
600600
600736
600572
600562
600576
600636
600559
600573
600628
600570
600804
600685
600549
600637
600590
600587
600623
600556
600618
600561
600621
600674
600575
600557
600644
600862
600668
600550
600546
600535
600543
600638
600756
600547
600720
600568
600677
600538
600533
600821
600560
600540
600523
600777
600536
600626
600619
600665
600692
600660
600612
600531
600680
600664
600529
600512
600528
600702
600555
600571
600552
600598
600548
600610
600617
600551
600516
600566
600567
600511
600525
600530
600620
600526
600510
600558
600502
600505
600501
600506
600513
600497
600493
600767
600520
600482
600518
600537
600491
600652
600611
600479
600563
600517
600490
600569
600519
600697
600483
600477
600527
600622
600488
600509
600485
600630
600508
600722
600686
600507
600467
600503
600545
600500
600470
600469
600476
600486
600499
600495
600515
600613
600452
600460
600532
600481
600462
600602
600428
600449
600487
600446
600683
600640
600458
600639
600809
600456
600425
600448
600435
600522
600421
600429
600416
600410
600475
600459
600423
600420
600408
600396
600461
600398
600466
600397
600642
600480
600478
600406
600609
600400
600706
600455
600388
600387
600496
600433
600463
600422
600419
600614
600380
600392
600378
600521
600379
600498
600688
600385
600418
600370
600634
600367
600436
600405
600363
600678
600383
600372
600389
600390
600432
600381
600354
600356
600391
600361
600375
600366
600426
600348
600438
600358
600346
600489
600409
600605
600355
600395
600403
600369
600803
600399
600439
600337
600331
600645
600336
600339
600376
600468
600371
600343
600326
600338
600393
600329
600360
600365
600316
600318
600323
600359
600315
600676
600333
600322
600377
600382
600309
600353
600307
600311
600300
600320
600415
600303
600306
600292
600330
600289
600327
600351
600298
600284
600310
600373
600291
600312
600288
600281
600368
600313
600302
600328
600276
600275
600340
600305
600268
600280
600386
600279
600601
600267
600321
600262
600285
600325
600308
600270
600255
600278
600317
600259
600633
600257
600269
600249
600246
600297
600242
600251
600273
600362
600295
600260
600233
600271
600231
600236
600225
600227
600232
600352
600252
600221
600228
600226
600332
600223
600248
600243
600217
600629
600213
600277
600241
600216
600299
600211
600272
600208
600287
600210
600203
600199
600229
600190
600198
600250
600218
600187
600192
600209
600335
600256
600188
600207
600222
600293
600171
600345
600185
600168
600180
600184
600183
600165
600282
600261
600176
600206
600193
600202
600157
600237
600189
600266
600161
600149
600148
600350
600200
600152
600156
600150
600201
600151
600196
600238
600290
600177
600143
600138
600141
600162
600170
600166
600239
600133
600220
600167
600215
600159
600258
600158
600240
600132
600119
600234
600109
600173
600136
600113
600117
600114
600163
600128
600103
600219
600130
600104
600094
600120
600235
600105
600095
600089
600283
600178
600090
600126
600155
600125
600160
600086
600081
600172
600078
600106
600085
600191
600074
600107
600135
600071
600080
600122
600066
600111
600121
600101
600070
600118
600096
600169
600061
600082
600112
600175
600056
600059
600050
600088
600057
600053
600054
600131
600137
600110
600068
600075
600084
600030
600093
600097
600048
600069
600139
600038
600033
600098
600063
600039
600023
600116
600029
600036
600099
600146
600186
600017
600073
600027
600026
600021
600055
600127
002756
002790
002710
002740
002758
002720
002789
002736
002705
002742
002788
002793
002723
002739
002775
002751
002763
002771
002761
002772
002786
002791
002706
002725
002728
002752
002776
002741
002769
002680
002661
002787
002727
002748
002749
002792
002770
002745
002702
002687
002767
002712
002768
002641
002782
002779
002701
002785
002781
002743
002759
002708
002686
002707
002773
002750
002715
002722
002714
002747
002765
002719
002713
002642
002729
002777
002697
002735
002733
002780
002778
002674
002660
002783
002665
002716
002762
002692
002645
002670
002683
002766
002757
002644
002667
002682
002718
002711
002648
002730
002695
002678
002746
002659
002668
002677
002673
002658
002717
002638
002650
002698
002690
002662
002653
002753
002669
002640
002647
002652
002732
002760
002738
002700
002649
002655
002703
002666
002734
002709
002643
002656
002721
002694
002664
002684
002639
002689
002636
002633
002631
002635
002755
002623
002693
002737
002654
002672
002726
002724
002675
002630
002679
002626
002619
002691
002617
002625
002618
002651
002676
002681
002731
002688
002615
002612
002602
002611
002685
002596
002634
002608
002610
002632
002609
002594
002599
002597
002592
002601
002593
002595
002699
002628
002620
002587
002627
002637
002585
002616
002663
002671
002582
002613
002624
002583
002581
002580
002577
002605
002578
002590
002606
002621
002591
002600
002560
002589
002565
002567
002696
002564
002569
002562
002568
002622
002558
002559
002646
002579
002588
002555
002551
002552
002603
002544
002541
002561
002657
002543
002548
002573
002586
002571
002540
002538
002566
002563
002574
002575
002604
002584
002536
002553
002528
002547
002629
002531
002520
002516
002545
002570
002510
002513
002535
002534
002614
002549
002523
002529
002506
002524
002518
002505
002503
002530
002521
002499
002517
002498
002598
002554
002496
002532
002508
002491
002494
002492
002502
002501
002500
002546
002486
002490
002487
002512
002515
002489
002572
002483
002504
002484
002514
002607
002542
002507
002482
002495
002480
002478
002557
002471
002468
002466
002474
002472
002522
002465
002488
002463
002459
002455
002481
002454
002477
002479
002537
002475
002469
002448
002460
002473
002533
002497
002457
002467
002470
002441
002550
002464
002458
002439
002476
002556
002485
002447
002434
002444
002430
002509
002442
002445
002429
002527
002427
002428
002511
002539
002423
002432
002443
002462
002422
002526
002415
002416
002576
002412
002413
002411
002425
002407
002452
002438
002410
002450
002436
002461
002418
002406
002451
002391
002401
002493
002431
002424
002417
002388
002389
002446
002449
002433
002387
002409
002435
002402
002405
002403
002385
002399
002383
002519
002382
002380
002394
002404
002393
002400
002398
002390
002395
002381
002379
002397
002453
002377
002437
002373
002359
002375
002363
002374
002386
002362
002426
002421
002360
002368
002408
002456
002384
002370
002361
002371
002364
002357
002358
002396
002356
002355
002354
002440
002352
002353
002346
002349
002344
002378
002351
002333
002334
002335
002327
002350
002332
002329
002337
002343
002376
002348
002341
002339
002324
002342
002372
002367
002347
002338
002420
002325
002369
002323
002319
002320
002302
002392
002345
002295
002305
002314
002317
002301
002303
002308
002310
002296
002313
002316
002328
002336
002318
002297
002326
002298
002309
002315
002307
002306
002365
002331
002304
002292
002330
002366
002294
002340
002291
002289
002288
002321
002290
002281
002287
002285
002322
002276
002419
002284
002278
002275
002273
002266
002274
002267
002279
002283
002269
002277
002270
002271
002312
002299
002311
002263
002300
002259
002252
002255
002261
002414
002250
002240
002253
002258
002260
002254
002293
002256
002249
002245
002248
002232
002235
002241
002233
002246
002251
002243
002238
002237
002286
002280
002231
002282
002236
002268
002239
002230
002265
002228
002226
002227
002209
002216
002207
002213
002215
002211
002214
002208
002221
002217
002219
002264
002218
002210
002212
002224
002262
002206
002204
002247
002188
002205
002203
002194
002197
002242
002195
002199
002196
002200
002201
002272
002185
002220
002183
002225
002177
002182
002167
002189
002234
002190
002198
002229
002191
002164
002163
002193
002180
002171
002179
002174
002244
002165
002162
002187
002202
002176
002178
002144
002170
002223
002173
002133
002126
002140
002154
002155
002121
002172
002151
002130
002145
002107
002119
002175
002150
002094
002108
002157
002091
002106
002103
002101
002083
002152
002109
002142
002181
002064
002092
002105
002153
002141
002060
002186
002076
002081
002088
002070
002052
002116
002128
002045
002079
002135
002036
002192
002074
002161
002160
002100
002065
002139
002055
002184
002110
002022
002086
002090
002097
002015
002057
002010
002104
002063
002006
002056
002087
002004
001979
002001
002028
002166
002131
002066
002047
002143
002053
000982
000979
002061
002075
002040
000995
000993
002158
000967
002018
002008
002077
000981
002043
002020
002084
000985
002046
002058
002134
000980
002034
002030
002002
002029
002096
002127
002003
002025
000961
002122
002039
000965
002021
000955
000988
000950
000918
002016
002095
002026
000911
002148
000930
002044
000910
000909
002069
000919
002137
002049
000953
002129
002085
000957
002032
000922
000886
000976
000889
000912
002114
002054
002123
002112
002124
000902
000970
000969
002149
002012
000863
000977
002013
000862
000861
000860
002041
000859
002168
002136
000921
000887
000831
002073
002078
002048
002118
000926
000820
000818
002156
000971
002068
002147
000996
000812
000951
000852
002098
002067
000798
002169
000920
000793
002017
000848
002042
002072
000876
000915
002019
000908
000885
002089
002071
000858
000800
000785
002014
000810
002051
000768
002037
002093
000776
000972
000973
000757
000759
002115
002024
000802
000899
000952
000895
000878
002132
000750
000881
000917
002007
000780
000728
000898
000999
000937
000998
002099
000778
000935
000875
000960
000963
000722
000777
002005
000767
000821
002159
000830
000756
000712
000987
002102
002222
001896
000700
002120
000890
000928
000688
000739
002062
000729
000733
000681
000888
000962
000997
000693
000828
000883
000913
000670
000939
000672
000836
000737
002082
000732
000790
000657
000929
000900
001696
000916
000932
000983
000635
002125
002023
000713
000633
002138
000725
002031
000720
000819
000627
000906
000719
000803
000727
000616
000620
000829
000659
000905
000716
000611
002011
000609
000637
000622
000638
000603
000631
000628
000811
000632
000593
002113
000833
000711
000587
000782
000723
000576
000736
000936
000823
000893
000615
000629
000553
000557
000949
002033
000548
000851
000766
000697
000547
000837
002038
000760
000520
002050
002059
002111
002117
000592
000506
000498
002146
000543
002080
000529
000536
000526
000517
000868
000565
000966
000403
000333
000166
000927
000582
000990
000156
000718
000758
000708
000541
000089
000806
000882
000591
000420
000807
000568
000088
000401
000038
000035
000528
000033
000036
000791
000600
000410
000504
000690
000530
000651
000703
000510
000721
000710
000413
000677
000513
000786
000429
000012
000680
000625
000550
000931
000825
000010
000815
603999
000004
000877
603998
000017
000596
603997
000564
603996
603989
603979
603988
000701
000880
000665
603969
000545
603968
000055
000566
603919
603939
603936
603918
603899
603901
603898
603889
603885
000605
000755
603883
603869
000686
603868
603861
603838
603866
603993
603828
603818
603806
000679
603808
000509
603800
603798
000155
603799
000511
000717
603778
603789
603729
000034
000826
603726
603788
603766
000100
000571
603718
000599
603701
000426
603698
603703
603686
002035
603699
603696
603688
000901
603678
000656
603618
000779
000761
603636
603669
000735
603608
603611
000563
603616
603609
603601
603599
000058
603606
603598
603589
603600
603588
000417
000157
603568
603566
000678
603558
000938
603520
000691
603519
000839
603518
603508
000607
603555
000698
603456
603369
603398
603567
603377
603338
000796
603366
000809
603368
603355
000799
603318
000069
000518
603328
603315
603311
603309
000049
000590
000585
603300
603306
603308
000400
000731
000636
603227
603288
603268
603222
603223
000065
603198
603199
603188
000544
603169
603168
000039
603299
603158
000655
603166
603117
603126
603116
000060
603123
603399
000623
000702
000408
000050
603111
603099
603088
603108
000617
603100
603167
603077
000539
603028
000032
603085
603029
603030
603128
603066
603027
603118
000018
603025
603026
603023
000532
000514
603021
603022
000029
002009
603020
603017
000421
603333
603019
603018
603015
000016
000595
603012
603010
603009
000030
603011
603006
603005
603008
000738
603002
000661
000301
000892
000572
601985
601996
000502
601968
000619
000573
000338
601969
603003
000006
601965
000687
603001
601939
000783
601929
000062
601900
601908
000151
601901
601989
601899
000407
000063
601880
601992
603000
601877
601933
601928
000505
601800
601799
000695
601789
000409
601872
601700
601818
000534
000554
601689
601678
601669
601801
000056
000683
601888
601890
601636
601777
000533
000682
000521
002027
000524
601616
000061
601599
601608
601727
000671
601699
601579
601567
601566
601886
000869
000153
601518
601519
000925
000751
601388
000070
601390
000788
000068
601368
601688
000007
601798
601558
601377
601339
601328
601336
601555
000705
601718
601628
601515
601633
601311
601238
601677
601998
601288
601226
000516
601808
601225
601231
000558
601211
601333
601218
601198
000652
601258
601233
601155
601177
601222
601958
601208
601166
601216
601158
601188
601118
601139
000933
601126
601898
601116
601117
601766
601113
000507
601107
601186
601137
000748
601717
601100
601168
601099
000422
601668
601038
601069
601199
601021
601866
601020
601058
000045
000561
601015
601016
601018
000411
601011
000546
601788
601313
601098
601111
601012
000989
601088
601010
601008
000613
601028
000570
000662
000501
601000
000026
601369
601106
600993
600999
601179
601005
000402
600979
600998
000560
600973
000813
600969
601101
600990
000581
601318
000801
600959
601007
600963
601919
600917
600958
601618
600890
000797
601588
000753
000066
601988
600889
600880
000639
000538
000601
600970
000792
601398
000425
000707
000099
000676
601009
600882
000816
601918
000423
600869
600836
000685
000856
000975
600833
600853
000430
000046
600859
600872
601991
000048
600828
000795
600992
000519
600808
600900
000042
600820
600851
000014
600814
000709
000555
000537
600777
600887
601600
600981
600767
600831
000002
600898
600843
601169
600785
600861
600749
600780
000606
600961
000488
600876
600824
600988
600815
600791
600725
600837
000503
600896
600825
600807
600822
000610
600870
000673
600774
600703
600705
000669
000663
600755
000419
601003
601601
000608
600734
000897
600982
600985
600746
600707
600681
600662
600888
000022
600867
000630
600661
600858
000523
600802
600653
000040
000020
600848
600895
600761
600856
000043
000598
600654
600696
600883
601857
600960
600649
601999
000626
600971
601002
601001
600978
600753
600966
000540
000612
600983
600839
601666
600592
600980
600588
000428
600782
000923
600847
000531
600860
000968
600976
000158
600747
600585
600819
000418
600586
600722
600736
600995
000159
600743
600645
000404
600702
601006
600881
000037
600792
600583
600789
600987
600875
600595
600962
000789
000525
600579
600606
600884
000822
000150
600590
600967
600572
600584
600568
600567
600580
600593
600975
600578
600577
600684
600589
600556
000019
600997
600570
600551
600561
600764
600545
600557
600714
600555
600597
600562
600575
600565
600528
600543
600540
600986
600569
600520
600547
600558
600522
600527
600637
600499
600689
600515
600518
600480
600538
600495
600475
600868
600506
600487
000584
600759
600455
600510
600469
600850
600456
600624
600550
600533
600505
600619
600409
600405
600403
600559
600485
600422
600395
600468
600493
600426
000025
600727
600500
000096
600587
600479
600398
600694
600458
600818
600382
000059
600351
600525
600741
600647
600390
600775
600517
600535
600396
600478
600386
600673
600640
600358
600354
600362
600315
600373
600783
600483
600750
600531
600529
600838
600563
600302
600356
600731
600295
600496
600291
600667
600377
600317
000666
600490
600393
600621
600298
600864
600682
600566
600381
600600
600719
600297
600273
600834
600259
600435
600511
600346
600383
600771
600360
600765
600328
600228
000415
600439
600501
000838
600466
600521
600416
600686
600461
600497
600668
600470
600258
000650
600236
600408
600790
600546
600187
600420
600418
600251
600231
600449
600303
600292
600894
600208
600367
600290
600283
600602
600389
600874
600175
600829
600429
600206
600757
600138
600728
600170
600131
600467
600651
600148
600339
600804
600223
600892
600371
600165
600177
600415
600338
600094
600459
600446
600549
600127
600071
600100
600221
600690
600061
600436
600143
600081
600650
600279
600278
600680
600057
600460
600023
600421
600086
600275
600111
600163
600537
600744
600186
