002793 :14,59,-0.0592603377985
002792 :6,44,-0.081142944101
002790 :2,26,0.155096354771
002789 :14,53,0.159174311927
002788 :15,27,0.109879310839
002791 :15,53,0.0543562066307
002787 :14,40,0.572261827609
002785 :15,23,-0.0439127060145
002786 :11,25,1.30988966185
002783 :5,25,0.101060213807
002781 :15,33,0.158993624011
002778 :4,63,0.0879871282954
002782 :15,23,1.403988836
002780 :13,54,0.0255820638114
002772 :15,31,0.478248328514
002771 :15,29,1.12272718013
002770 :10,42,-0.117448840031
002767 :12,33,0.331698113208
002759 :15,65,0.0
002766 :2,32,0.629506126058
002762 :8,41,-0.0293438077634
002765 :14,44,-0.0722184925828
002763 :3,31,0.254512998834
002761 :9,50,0.0182795908883
002758 :2,38,0.330649495056
002755 :2,23,-0.375915733857
002752 :15,28,-0.256404827881
002753 :8,20,-0.0197559103458
002747 :1,39,0.435165386336
002750 :15,27,0.452779862688
002751 :15,26,1.42642396664
002736 :1,20,0.078297374838
002742 :6,20,0.0719093328016
002746 :4,21,0.206752167596
002739 :9,34,0.125435108267
002748 :7,22,0.0750567390932
002733 :15,27,0.122932408119
002738 :15,29,0.0959787964598
002724 :15,24,0.0242633120086
002726 :14,37,0.18286847806
002730 :15,48,0.618104480239
002732 :8,21,0.359373093553
002731 :6,54,-0.234135036301
002727 :15,39,0.0855554884489
002718 :8,53,0.422480620155
002725 :2,51,0.0274378634505
002721 :9,41,2.0915562385
002719 :13,45,0.962672854065
002703 :12,36,0.392066115702
002716 :13,49,1.25838136934
002707 :6,25,-0.00679721827879
002706 :11,23,0.0723590149985
002715 :8,49,0.0856362788678
002713 :14,40,0.625678172372
002708 :3,20,0.791469256754
002705 :3,49,0.109941545858
002709 :5,26,1.97182367611
002696 :9,23,0.539432723518
002693 :15,23,-0.00256627081722
002690 :10,31,-0.0631822898651
002697 :15,34,-0.656441098745
002699 :14,57,1.18028754174
002700 :13,51,-0.0482347611786
002684 :6,24,0.160861253984
002674 :11,24,0.120620717818
002673 :14,24,-0.195204856224
002695 :3,50,1.355849829
002670 :15,25,-0.191874444348
002680 :8,45,-0.624280963128
002683 :13,36,0.858908046633
002668 :6,38,1.94533372913
002660 :13,21,-0.0624487259413
002685 :3,50,3.28431338538
002675 :8,20,1.53308170304
002658 :1,21,-0.0329766198982
002659 :14,63,-0.10182836918
002654 :11,21,-0.0535031847134
002652 :9,59,-0.0526315789474
002666 :6,29,0.469638188632
002669 :10,41,1.17880208833
002665 :15,33,1.22261711397
002651 :6,22,0.751777030587
002663 :14,63,0.16754900509
002647 :13,55,0.237273129703
002662 :9,32,0.981812669578
002664 :15,45,1.35192855948
002642 :6,27,-0.161893462164
002638 :11,65,0.0889679715302
002637 :13,63,-0.0870702248192
002634 :12,34,-0.107263543089
002649 :2,64,0.0795864879739
002646 :2,56,0.235258245546
002628 :15,65,0.0
002623 :7,20,-0.0788680999572
002622 :5,35,-0.134318460935
002640 :15,24,1.72840843581
002620 :10,25,0.115952150105
002617 :15,65,-0.0280649926145
002613 :10,36,0.078611006423
002611 :15,65,0.0
002633 :6,30,0.954746601901
002616 :15,57,0.101340564582
002606 :13,65,-0.18439386902
002610 :4,26,0.644571416133
002607 :10,21,-0.0417594242013
002624 :14,59,1.86902261867
002630 :14,59,0.244538722012
002621 :11,26,0.481480092202
002619 :9,21,0.8838734012
002604 :12,21,-0.0136236168422
002608 :2,26,0.425494904153
002603 :15,65,0.134507042254
002626 :13,65,0.891849733758
002605 :14,27,-0.00418028400467
002599 :4,27,1.09114114399
002594 :9,26,0.00942721601184
002590 :9,44,0.234441767118
002592 :12,33,-0.0422353057376
002614 :15,42,1.70350972892
002593 :3,25,0.993608044107
002582 :12,35,0.111464968153
002580 :6,20,0.124550898204
002583 :9,23,0.0723195275452
002577 :11,40,0.209981167608
002598 :3,34,0.158988497001
002570 :7,50,-0.04893424826
002576 :3,40,0.0729724517094
002579 :2,41,0.432465665548
002596 :12,65,1.11671267993
002563 :15,30,0.0192521740208
002567 :3,46,0.763167383407
002560 :15,30,-0.0829895872818
002558 :15,65,0.0
002553 :15,36,0.199272585338
002549 :15,62,-0.187955593606
002559 :3,39,1.45607149546
002566 :13,49,-0.23162416896
002544 :15,47,-0.0298944900352
002551 :15,23,0.516868241066
002557 :13,21,0.215861741311
002547 :15,25,0.251784167039
002541 :5,28,0.0513397783958
002552 :12,38,0.324758337769
002565 :4,58,0.729611602825
002556 :15,27,0.625006768858
002542 :5,21,0.375447812274
002546 :2,25,0.730952451876
002561 :10,37,-0.249264424243
002562 :12,23,0.502904166765
002535 :15,20,0.110424445408
002532 :14,64,0.058561897702
002531 :11,24,0.00548154385212
002543 :10,65,0.800844255482
002538 :7,62,-0.437105314819
002526 :15,47,0.0513112884835
002540 :8,64,0.989607208071
002524 :2,33,0.282152111444
002520 :9,36,0.00159069419185
002517 :12,52,-0.0765860456232
002516 :7,20,-0.187937448534
002523 :4,56,0.911757870876
002518 :6,20,0.154931158088
002511 :6,51,0.468926553672
002528 :4,39,-0.0204682586949
002507 :1,22,0.13813559322
002536 :7,47,1.09186059519
002508 :3,48,0.245098039216
002503 :10,48,0.0631305038553
002533 :6,65,0.257940282555
002504 :14,20,-0.0934091137072
002497 :15,28,0.143279172821
002512 :9,55,2.58990699028
002510 :6,29,0.682759877913
002527 :9,29,0.119000018043
002501 :11,46,-0.390091870382
002499 :3,20,0.26221245758
002519 :10,55,0.650663593022
002482 :15,58,-0.211981981982
002491 :14,25,0.76523322007
002486 :4,38,0.217166224969
002481 :4,21,0.2165642741
002476 :3,39,0.0665159788243
002498 :4,39,2.08049468321
002480 :8,22,0.555699287806
002471 :9,27,0.12221217601
002479 :2,47,0.758598926262
002465 :15,65,0.0
002470 :15,63,-0.0558625551706
002473 :9,39,-0.0374620202603
002461 :15,33,0.0196581196581
002467 :2,31,-0.0404228950763
002469 :7,59,0.132642534977
002484 :15,54,0.15903499699
002466 :5,29,0.541515630553
002487 :7,23,1.27338655354
002490 :10,51,-0.388331218167
002474 :4,20,0.217588970989
002455 :5,33,-0.107202393823
002453 :2,20,-0.119484280199
002452 :1,56,-0.277921052837
002457 :3,56,-0.389753657616
002458 :10,65,1.55011286263
002449 :5,23,0.0350906188212
002454 :7,23,-0.23848205953
002448 :4,34,-0.0773916872877
002462 :11,44,1.11246536392
002441 :10,38,-0.058890602779
002446 :12,35,-0.0222474504697
002447 :7,48,-0.0248024600765
002443 :1,25,-0.0096101176901
002442 :13,45,0.157057245808
002435 :5,28,0.159679408138
002444 :7,57,0.100676487653
002440 :4,63,-0.431021233124
002427 :15,63,-0.0859301227573
002426 :15,33,0.0622518701386
002438 :14,27,-0.104057205023
002431 :13,38,-0.170933543246
002429 :11,43,-0.517918833894
002433 :5,48,-0.0775738996059
002416 :5,29,-0.273348385499
002430 :6,47,0.0219437598909
002424 :14,27,0.939639752856
002418 :7,26,-0.0853161850347
002417 :5,20,0.0694825974018
002413 :2,65,0.247438565757
002414 :2,31,-0.293747330033
002407 :1,56,0.193832599119
002409 :10,25,0.648853929308
002421 :6,23,0.723690952875
002404 :6,22,-0.175396766276
002412 :13,33,0.43184051445
002392 :8,26,-0.0016133763567
002403 :3,46,0.928817676136
002402 :12,29,2.28077330848
002395 :10,33,0.157416903089
002419 :3,33,0.0224921456033
002384 :4,52,0.33169845038
002376 :12,62,-0.0376182918944
002374 :12,22,-0.0130107004766
002401 :13,29,1.38100509755
002386 :3,26,-0.205978892456
002372 :3,23,0.147115386693
002373 :6,35,0.101995701464
002389 :2,29,1.38854660555
002375 :15,35,-0.0904051359874
002378 :3,27,0.545002667707
002365 :11,28,0.226342541019
002362 :1,21,-0.0481214230593
002364 :12,25,0.0903283437422
002361 :10,60,0.123076923077
002370 :14,42,1.1179244121
002368 :15,41,0.686648199494
002356 :7,21,-0.0345637316364
002354 :15,65,0.0
002394 :8,26,-0.0668247798713
002369 :10,47,0.36207049765
002357 :12,22,-0.00391272720751
002358 :12,26,0.0149756562419
002366 :5,59,1.04463069587
002363 :5,46,0.329440780139
002351 :6,21,0.190693649143
002347 :15,65,0.0
002355 :4,55,1.12533921035
002345 :4,29,-0.118718242067
002338 :15,22,0.0748098172221
002350 :3,59,-0.41579342707
002342 :4,38,0.0650378178816
002341 :5,37,0.0743731433519
002337 :14,24,0.0280155270868
002335 :14,65,-0.0557209698001
002340 :6,25,0.296245569785
002344 :5,40,-0.0720861853058
002346 :15,34,0.649368587278
002333 :15,40,-0.0201712772951
002329 :11,65,-0.122059758423
002367 :14,33,0.640135684999
002330 :13,21,-0.217628092399
002343 :4,36,2.62043444836
002321 :9,27,0.00639335817956
002316 :9,28,-0.0523489932886
002324 :12,22,0.44889528248
002317 :8,34,0.12388549391
002312 :11,20,-0.0679611650485
002315 :12,37,-0.0559711561895
002318 :13,32,-0.00669807097162
002311 :7,35,-0.0272621809745
002319 :15,29,0.117484161944
002303 :13,60,0.16505747706
002323 :9,31,1.50936906657
002325 :14,54,-0.308610433291
002300 :14,24,-0.0205844842603
002299 :9,64,0.0217557251908
002307 :15,65,-0.697878614967
002297 :11,42,-0.0124444444444
002308 :9,64,0.272701418229
002334 :15,24,0.21241042422
002301 :7,60,0.135262542662
002320 :6,38,-0.104590405645
002296 :4,30,-0.102316963495
002294 :14,25,0.268911577137
002292 :15,47,-0.00984195708059
002288 :7,20,0.626059243497
002284 :15,51,-0.11556268534
002283 :7,20,0.566141662288
002279 :12,42,-0.23548744501
002277 :14,23,0.125312100211
002293 :4,51,0.604716074632
002302 :10,21,-0.330019880484
002295 :3,31,1.23228832541
002282 :3,25,-0.100166265984
002278 :1,42,0.064688527813
002275 :8,65,0.0736593989393
002268 :13,37,-0.158003813353
002304 :7,64,1.25534953344
002267 :4,61,0.0106589147287
002264 :9,26,-0.0980013615685
002266 :10,27,-0.0656778865814
002289 :14,49,0.179591735804
002259 :13,60,-0.0335664335664
002258 :14,21,-0.164550434717
002261 :6,24,1.21518694561
002274 :6,20,0.846753257298
002272 :10,23,-0.227481125337
002263 :9,37,0.839354990105
002256 :6,20,0.465218112559
002252 :8,42,0.033522190746
002253 :15,44,-0.152826577774
002280 :4,27,2.50706758153
002273 :5,31,0.735169858615
002247 :6,61,-0.112777053455
002271 :8,55,0.275541869267
002254 :14,43,0.105861529606
002246 :3,63,-0.0226960110041
002249 :14,29,0.717001503364
002251 :6,35,0.741510055208
002262 :12,36,0.765767574426
002243 :10,21,-0.0666419355264
002240 :2,45,-0.406326222486
002250 :12,55,-0.281430502464
002244 :15,60,0.347523825002
002231 :2,54,-0.458240509826
002235 :8,34,0.520901210285
002236 :14,39,0.18213873351
002233 :5,52,0.868505531146
002228 :9,65,-0.0157068062827
002241 :15,61,0.85872388675
002230 :8,23,0.972721692022
002234 :3,24,0.738054000616
002222 :11,22,0.211804235362
002248 :8,22,1.63548603383
002227 :2,58,0.578430720737
002218 :13,34,0.148566038652
002219 :11,34,0.220860528837
002232 :8,27,-0.0843634056186
002223 :10,59,0.844009394066
002215 :15,60,-0.0191570881226
002221 :2,24,1.5730357509
002211 :8,25,0.0606024608163
002212 :3,29,0.57825203252
002216 :3,47,-0.151283378548
002210 :15,63,0.160911094783
002242 :15,63,1.28044310051
002238 :15,57,0.486465776285
002208 :4,23,0.696900697117
002204 :6,49,0.0369982715118
002205 :14,62,-0.0971121945811
002197 :8,56,-0.16756602164
002190 :5,40,0.0711938663746
002196 :9,21,0.221227159239
002194 :7,21,0.364723842553
002183 :15,37,-0.192479194045
002226 :5,22,-0.233835682703
002202 :5,57,1.10160356303
002191 :12,37,0.98283378099
002185 :9,64,-0.20612375121
002180 :15,50,0.182379156668
002189 :4,54,2.22429617206
002177 :8,45,0.200251889169
002199 :13,64,0.301650905516
002182 :2,47,1.04486307825
002184 :1,54,2.83752890443
002186 :12,58,0.0284682558757
002188 :11,24,-0.127392516609
002165 :1,51,0.0652173913043
002170 :2,20,0.205269057801
002169 :4,44,-0.307934858563
002179 :6,24,1.22110931555
002166 :12,54,0.196688375459
002154 :11,45,-0.0849531205411
002156 :8,20,0.587043846532
002168 :14,26,0.0962413771117
002151 :14,33,0.147503297441
002155 :7,56,0.275270922446
002163 :3,27,1.17052221684
002144 :6,41,-0.00783945152137
002150 :13,21,-0.410002609455
002172 :8,30,1.02512688324
002149 :2,51,0.343452694814
002147 :4,57,0.3
002146 :9,24,0.0215662687597
002141 :7,26,-0.0999162637952
002138 :10,39,0.223529411765
002140 :8,36,0.138860886757
002137 :15,25,-0.301181853635
002153 :3,61,0.603678727298
002128 :14,24,0.12934083827
002133 :4,43,0.316781810979
002142 :13,65,1.20476438076
002122 :10,34,-0.0302581541612
002131 :2,21,2.15190054458
002159 :13,25,0.671297002683
002116 :8,39,-0.0505780193242
002126 :14,49,0.323687176167
002113 :1,21,0.911100508906
002114 :13,23,0.0282685672766
002107 :12,29,-0.0953437901967
002136 :7,61,-0.757926343561
002115 :6,23,0.450203447554
002105 :15,41,-0.0640003716091
002104 :9,37,-0.0966628048469
002134 :3,47,0.15387007339
002111 :3,20,-0.0432695372912
002101 :7,20,0.0604026845638
002117 :13,62,0.184224126719
002109 :14,45,0.202836288912
002097 :14,31,-0.034694692085
002092 :5,30,0.0997729074771
002095 :11,28,-0.0670513468802
002102 :12,37,1.15180332584
002088 :11,33,0.104166323687
002090 :7,56,0.0209604050174
002123 :15,64,0.514793160978
002085 :8,21,-0.102255804597
002121 :10,40,0.369109106431
002096 :15,58,0.93397350523
002091 :12,32,0.870993960311
002103 :14,58,1.42603529822
002074 :15,23,0.0299177149477
002069 :1,20,-0.113580872528
002067 :8,38,0.0702005730659
002068 :1,53,0.0498303763811
002076 :3,38,0.456553260939
002078 :4,32,0.204891673577
002094 :13,35,-0.554933711186
002073 :4,48,-0.216272384173
002063 :13,23,-0.0598153245637
002077 :13,21,1.41888790208
002060 :9,28,0.186518976473
002061 :2,56,0.10335668065
002058 :6,35,0.0505465238032
002070 :13,27,0.830552716103
002056 :3,48,0.335204326134
002055 :8,29,0.703019816566
002080 :9,31,0.162590570133
002052 :14,62,0.564218737688
002053 :1,32,1.11534630035
002048 :15,25,0.406865107087
002042 :12,24,0.107089706029
002038 :9,62,0.264591439689
002035 :6,37,0.337534246575
002047 :4,22,0.893242140789
002051 :12,55,0.3343970986
002032 :9,55,0.25
002046 :2,34,0.544960384258
002028 :15,23,0.0207353982323
002057 :6,43,0.776141929378
002021 :3,46,-0.0430395106887
002015 :10,47,-0.0531697341513
002007 :7,64,0.320659971306
002008 :15,44,-0.106003399932
002016 :3,42,0.0461693881136
002011 :2,44,-0.0939269050655
002026 :7,20,0.444481807035
002004 :15,61,-0.0690690690691
001896 :9,34,0.0509478672986
001696 :6,21,0.0198610180538
002010 :7,43,0.344489551865
000998 :8,28,0.0337016574586
000999 :14,35,0.0944691256627
002002 :8,36,0.170976864552
000997 :9,64,-0.0242669362993
000993 :14,39,-0.102891876957
000996 :14,39,0.0414132128585
002001 :8,45,0.0269446672824
002050 :10,42,2.60321808749
000989 :11,47,-0.125906381125
002020 :15,65,1.33813576867
000983 :10,55,-0.0686570247963
000981 :11,63,0.0763181155082
000977 :14,37,-0.0251739433643
000979 :2,30,-0.114763254602
000987 :2,38,0.216768587494
000972 :14,59,-0.16927009317
000971 :13,27,-0.572357898719
000967 :3,61,-0.0647033076558
000965 :11,27,0.28189169706
000976 :2,29,-0.0853451899633
000960 :13,32,0.127570301022
000969 :15,24,0.665289248731
000957 :13,63,0.999004975124
000988 :7,58,0.103815884216
000936 :14,27,-0.00899262143882
000949 :10,32,0.0107592974063
000958 :1,40,0.812351085413
000953 :8,23,1.44258012294
000932 :15,65,0.0
000935 :3,64,-0.0961538461538
000933 :15,22,0.198030058427
000931 :10,65,-0.115014662757
000937 :5,59,-0.430208353642
000966 :14,41,1.33412175368
000948 :5,27,2.40990821257
000955 :3,42,0.794745265224
000970 :8,40,0.583607915568
000929 :2,31,0.0306293381717
000922 :5,22,0.00478750886074
000917 :13,54,0.0420988407566
000919 :7,63,0.0686188089742
000911 :2,23,0.429021703548
000903 :15,30,0.147757708595
000901 :4,21,0.0404489628974
000913 :5,23,1.72003661789
000916 :3,31,0.449029885743
000923 :8,23,1.44438651271
000892 :12,31,0.0397036972293
000902 :15,23,0.168905500315
000893 :2,44,-0.29155064774
000915 :3,44,0.75942349373
000886 :3,51,0.0482761568457
000882 :15,42,-0.247126436782
000885 :8,22,0.0737891096196
000895 :14,59,0.0791486020418
000878 :14,32,0.0439918008353
000912 :2,31,0.054791895481
000876 :7,45,-0.0486517888485
000877 :14,63,-0.537501225234
000888 :13,49,0.434266837013
000862 :15,54,0.0241327300151
000861 :8,43,-0.0856163218657
000863 :15,58,-0.0967154412249
000880 :15,45,-0.295517685009
000900 :2,33,0.108963939656
000839 :14,26,0.443820847537
000868 :15,24,0.986722615459
000837 :14,36,-0.0375953822258
000835 :4,63,-0.0148148148148
000852 :3,37,-0.041519914916
000898 :6,61,-0.0572282035658
000838 :11,37,1.39704081139
000859 :3,21,1.0423579779
000883 :8,48,1.39131307616
000836 :3,44,2.51677177121
000860 :4,51,0.234258988377
000830 :11,42,-0.042845739986
000856 :9,48,0.288650247602
000828 :12,36,0.0658819558246
000829 :8,65,0.00928100553972
000833 :15,43,0.89496876812
000858 :9,56,0.227995896475
000825 :5,32,0.0970980743395
000831 :14,52,-0.00737970176974
000813 :14,33,0.252299468953
000819 :3,29,0.713898647386
000816 :15,23,-0.0500565712892
000820 :1,21,0.64243677125
000821 :8,30,1.57174338765
000850 :11,65,0.66462875252
000810 :15,62,0.539647453833
000812 :15,45,1.04392229617
000811 :3,24,0.17500348259
000823 :4,58,-0.243015418503
000822 :12,54,1.10346909183
000800 :14,60,-0.481194729979
000791 :11,20,0.219352407136
000792 :11,23,0.0372726151652
000803 :1,26,2.03337464787
000799 :1,52,0.414728888747
000778 :8,42,-0.0949561163917
000776 :15,52,-0.0804169057933
000802 :15,63,2.54509830789
000789 :3,58,0.534637252405
000766 :4,20,1.41643512351
000783 :11,45,-0.133081417298
000788 :13,47,0.513840561307
000758 :11,52,0.354285714286
000767 :5,31,0.0851410027884
000779 :15,43,0.730651066501
000756 :8,37,0.185887673559
000797 :5,57,0.483481683042
000777 :6,61,2.2074019559
000753 :13,34,0.0129711299707
000785 :9,28,0.0505029904182
000755 :15,35,-0.264739087177
000737 :1,31,-0.1406172779
000731 :15,35,-0.0269878078774
000739 :3,43,-0.0274257989866
000738 :3,21,0.561812256397
000723 :15,48,0.846585637719
000729 :11,48,-0.205333879008
000711 :1,23,0.454278472406
000736 :14,24,0.997647137911
000715 :15,64,-0.0823470233164
000750 :15,42,-0.00822993499286
000713 :2,62,0.0199149111928
000707 :9,44,-0.34661329196
000710 :13,48,-0.202100782024
000732 :15,53,1.56160737312
000719 :14,46,0.064400237789
000720 :6,35,1.2314150712
000718 :11,64,1.40771597397
000705 :12,27,0.210009946884
000701 :3,43,-0.336489494261
000692 :13,27,-0.0422923454461
000733 :10,24,0.0223538144229
000698 :4,41,-0.159224430961
000687 :1,34,0.400972688022
000691 :1,39,0.539512144841
000690 :15,64,1.75085667509
000669 :11,53,-0.0341317365269
000679 :15,25,0.558787726945
000683 :12,33,0.275575622373
000695 :13,27,0.712024961458
000677 :9,64,1.15886099663
000700 :3,56,0.358136419853
000639 :15,65,0.0
000662 :15,20,0.912565511604
000656 :3,59,-0.393806506449
000661 :2,23,-0.116950906622
000652 :12,35,0.0649692712906
000667 :15,65,-0.498331468832
000655 :8,22,-0.439745234188
000635 :14,35,0.0956663941128
000629 :11,39,0.00308641975309
000630 :15,44,-0.0616353513358
000628 :14,23,-0.00578951815562
000623 :15,31,-0.0157470103387
000622 :2,24,0.0777601568747
000638 :1,25,3.66606390884
000625 :9,24,-0.104958859093
000631 :11,30,-0.135130387652
000613 :8,21,-0.097485479934
000610 :3,54,-0.0373816491651
000659 :15,27,1.40068249869
000633 :7,24,0.522771395011
000626 :11,26,6.96562519113
000603 :10,29,0.20989815341
000595 :3,40,0.0386883374504
000599 :2,44,-0.222509703928
000592 :11,39,0.138445248745
000596 :3,42,-0.0891083866677
000598 :2,25,-0.0420427011912
000591 :14,58,-0.217677423223
000587 :12,64,-0.384730527929
000586 :12,65,-0.00900900900901
000589 :3,52,-0.138726541345
000576 :12,21,0.0312291722113
000568 :12,64,0.267306088407
000570 :10,64,-0.105858170606
000581 :7,43,-0.185709890017
000585 :15,22,0.646496939729
000590 :6,59,0.203859290538
000609 :15,41,-0.0364589366775
000567 :15,26,1.26874560153
000561 :14,31,-0.0553290004673
000572 :6,35,0.141647544394
000555 :14,50,0.0201280878317
000557 :8,62,-0.0761589403974
000559 :15,58,-0.41693076521
000615 :15,59,2.07129545878
000560 :3,33,2.23518488948
000566 :8,21,1.41465626056
000597 :12,44,-0.397438100063
000550 :12,20,0.0452326682243
000543 :7,42,0.0956856443048
000544 :15,22,0.218066743968
000545 :4,27,-0.113402313834
000540 :8,29,0.0353644200627
000538 :11,39,0.000162892979313
000528 :10,34,0.0192625763201
000520 :14,43,-0.123528572448
000534 :2,28,1.05550099519
000563 :11,25,-0.091167289878
000518 :11,47,0.229099048607
000541 :6,20,0.723450799902
000514 :4,48,-0.625310511631
000517 :10,22,1.99151412706
000524 :15,59,0.580436614623
000511 :13,64,0.435966802696
000536 :5,39,0.187419800174
000504 :1,20,-0.061295178056
000506 :13,57,-0.136686242659
000526 :9,36,2.2177207246
000419 :14,31,0.173260977918
000510 :14,20,-0.453351356031
000516 :4,42,3.02784015173
000428 :6,26,0.639968432675
000411 :3,33,-0.0271317829457
000430 :13,26,-0.111265527053
000408 :3,20,0.064561811265
000415 :3,45,1.62957284293
000407 :1,50,-0.221196196827
000402 :9,23,0.145040396463
000410 :7,23,-0.382485627551
000429 :15,25,0.644029817713
000403 :6,20,0.152771105853
000426 :8,20,-0.755948051068
000422 :6,46,0.123844708174
000404 :8,23,0.51043918388
000157 :14,36,-0.045096184169
000155 :1,46,0.225114841586
000078 :5,30,0.0379721593484
000069 :9,33,-0.0138170145519
000519 :13,51,4.67033575276
000068 :9,20,-0.368107723331
000089 :3,54,0.223511078157
000065 :3,25,0.434011740013
000088 :15,42,-0.294631978129
000070 :5,20,1.21093077141
000062 :6,21,-0.0890566742527
000061 :4,56,-0.0913546627322
000096 :6,23,0.700632941311
000066 :6,29,1.52959188235
000090 :12,46,2.06389298189
000059 :12,59,0.0665110851809
000048 :11,60,-0.0838646901479
000055 :5,38,0.20612244898
000063 :5,60,0.91923470609
000038 :10,64,0.633978353559
000037 :1,24,0.0600763202991
000039 :15,49,-0.543589705454
000045 :4,23,-0.218383476978
000030 :14,24,0.0637081185567
000028 :9,29,0.0180331218158
000021 :15,24,0.205619480216
000020 :15,65,0.0
000040 :14,53,1.92245759009
000010 :7,20,-0.00528168249073
000016 :1,65,1.63621354968
000008 :15,55,-0.0329972502291
000022 :14,52,0.765963314169
000032 :6,26,-0.00493841333852
000012 :8,55,0.561926363753
000005 :15,27,-0.0702847525883
000017 :15,25,1.68761350657
603996 :13,32,0.294879429086
603918 :1,20,-0.0643827525103
000029 :8,23,0.156547933472
603979 :15,47,-0.0951524841313
603936 :13,30,0.0291024321413
603968 :15,41,-0.201617833476
603899 :15,31,-0.367064969579
603988 :4,38,0.709078258389
603869 :1,20,0.0624963769805
603861 :1,20,0.158199239851
603838 :6,31,0.159162835576
603885 :3,33,0.110426846059
603828 :13,39,0.195339613287
603866 :11,43,0.311022413264
603800 :3,25,0.0248123862869
603818 :15,32,0.318257792686
603798 :11,58,-0.0939792387543
603701 :9,24,-0.139597630983
603726 :3,25,-0.158859672728
603799 :14,50,0.654046997389
603778 :5,20,0.152406085129
603789 :7,20,0.0523296488011
603703 :15,23,1.05339179489
603788 :2,56,0.689221024629
603729 :15,26,0.257104822523
603766 :5,27,0.50793030056
000002 :15,62,0.80588813083
603699 :13,36,-0.0717827204192
000023 :4,55,0.624421563289
603696 :14,24,0.157826654319
603698 :15,31,-0.0281068819662
603611 :15,65,0.0
603608 :11,43,0.0989115002366
603609 :5,59,0.147552447552
603618 :8,28,0.124774038509
603669 :3,20,-0.164460477791
603568 :2,23,0.116033779651
603599 :7,20,0.267210401905
603601 :4,20,0.791998269728
603520 :15,36,0.0915962650067
603600 :14,26,2.11567805961
603566 :3,45,0.106727654518
603588 :6,26,0.202232015513
603558 :13,27,0.019839881555
603606 :15,27,0.39300325864
603518 :7,43,0.0095335481727
603377 :1,39,0.121705426357
603398 :7,36,-0.171346293485
603368 :11,52,0.262518968134
603355 :7,20,0.356824996939
603338 :7,61,0.0605764460463
603366 :11,24,0.0265663540853
603333 :15,38,-0.0381844545898
603315 :13,55,-0.0370426227783
603328 :5,46,0.402254927093
603309 :5,47,0.0289435600579
603268 :10,32,0.0135135135135
603308 :4,50,-0.143897597451
603227 :8,24,-0.12333678265
603168 :15,65,0.0407541886498
603223 :13,40,0.0651036058817
603169 :8,20,-0.0889168014977
603128 :5,20,0.0708159034085
603118 :13,63,0.0985380116959
603126 :12,24,-0.0544386482998
603199 :6,31,-0.140718101356
603158 :12,29,-0.537031348303
603198 :14,57,0.0169254901961
603188 :10,44,-0.0425276572881
603116 :13,23,-0.0753850880103
603111 :12,25,0.225073072036
603088 :5,22,0.142103834399
603108 :11,21,0.191997805341
603027 :5,64,0.127977135599
603028 :10,50,-0.175007582651
603025 :14,54,-0.0475863322331
603123 :7,51,0.0123653831735
603030 :15,39,0.0551840331847
603021 :8,32,0.162572360187
603018 :15,34,0.0515407213168
603026 :15,43,0.797876399319
603023 :9,22,0.3881023401
603100 :3,38,0.431654081807
603020 :3,54,-0.373359691616
603017 :10,20,0.124797056531
603019 :13,42,0.433141913758
603011 :14,20,0.289384268189
601996 :15,42,0.0388471177945
603010 :3,22,0.805143625471
601992 :11,39,0.024618707573
603006 :1,47,0.241364509472
603009 :4,21,0.904688705333
601999 :6,25,-0.407100182195
601985 :10,30,0.0495581400326
603002 :9,23,0.199215248386
601939 :1,21,0.162346086999
603005 :4,42,-0.238937114338
603001 :7,29,0.392681005575
601965 :8,51,-0.25355602378
601969 :15,26,-0.0230204386725
601908 :11,25,0.0632476076555
601918 :9,64,-0.236385920608
601888 :14,20,-0.0205453696818
601877 :12,38,0.102930216892
601872 :15,27,-0.0223309819334
601799 :11,40,0.254412163997
601789 :3,20,-0.0115606936416
601788 :15,35,-0.112497817979
601801 :4,22,-0.749642220326
601727 :6,27,-0.034103410341
601718 :4,30,0.0345480881603
601777 :5,22,0.7159709539
601901 :12,41,1.36811398542
601898 :12,62,0.180218030075
601666 :10,40,0.0143515666256
601919 :8,45,1.13393684954
601800 :7,56,4.15926822758
601857 :15,47,-0.0247340863384
601700 :2,37,0.89703037313
601766 :7,53,3.60006981073
601880 :15,31,0.447219681364
601677 :15,25,-0.0329398641551
601688 :3,42,1.81251124157
601628 :1,39,-0.0906026127265
601608 :15,25,-0.198850294555
601669 :4,57,3.15777096924
601555 :13,37,0.029537037037
601566 :1,36,0.221011154886
601588 :5,47,-0.312987922475
601388 :4,30,0.244239631336
601601 :15,30,1.00814970076
601633 :13,61,2.14165553503
601377 :7,44,-0.102066650966
601390 :15,28,-0.204786558202
601518 :15,65,1.01218794174
601558 :8,44,2.10498924332
601567 :2,51,2.42250551179
601339 :7,29,-0.0374666509666
601368 :13,28,-0.0846630159598
601328 :8,23,0.0767427151002
601398 :9,21,0.293736267916
601369 :6,49,-0.0786905844081
601599 :2,46,0.0211141625611
601313 :4,22,0.0680250023816
601238 :15,65,0.0742337164751
601333 :5,43,-0.0741423220896
601519 :14,21,2.13146791541
601258 :10,26,-0.113109170323
601311 :12,31,0.0687649674991
601225 :13,20,0.165753957172
601211 :9,29,-0.0656769763917
601231 :3,65,0.0704695232546
601179 :13,44,-0.02460456942
601218 :4,59,-0.264373191702
601166 :10,38,0.0418154194314
601158 :1,38,-0.00363032668861
601208 :8,63,-0.138698556551
601137 :8,20,0.241715228693
601155 :5,40,0.211693018655
601118 :7,28,-0.000732246035598
601126 :4,20,0.0736375449542
601169 :8,33,0.145591399299
601139 :8,24,-0.285750189507
601117 :15,34,-0.028570273858
601116 :12,65,0.0375868564064
601186 :4,64,3.13451148054
601099 :13,20,-0.103665105675
601020 :6,63,0.34899052328
601069 :9,26,-0.0280342367611
601088 :8,60,-0.158951790391
601018 :2,46,0.605153744809
601098 :3,34,-0.0280259079474
601010 :14,41,-0.10580408458
601012 :9,23,0.158209639434
601015 :11,55,-0.127777250366
601113 :7,44,1.15148094258
601106 :3,46,2.31343430552
601006 :12,62,0.0276422764228
601011 :7,23,1.39996057318
600995 :15,62,0.123180291153
601007 :3,46,-0.0445512038574
601038 :12,60,0.19319995654
600999 :4,51,-0.0640104493833
600998 :15,30,0.0916425725669
600992 :2,24,-0.343104655893
600986 :15,25,0.0152418820411
601001 :5,47,-0.00125668628508
600997 :8,62,-0.35244949279
600978 :4,20,-0.174990068434
600960 :14,21,0.111166809156
600961 :10,37,-0.0113253516569
600959 :15,61,-0.0954907161804
600958 :5,20,-0.0994613436596
600971 :9,49,-0.502196557878
600900 :10,46,0.33376244405
600897 :8,64,0.0931297709924
600893 :5,20,-0.0308296007283
600892 :14,20,0.104957856153
600966 :9,30,0.472890617574
600883 :14,35,-0.111254281795
600888 :7,58,-0.277835679263
600884 :2,35,0.183553351421
600889 :4,62,-0.368596046847
600885 :5,39,0.0316874078767
600880 :15,42,-0.07745215311
600886 :14,64,1.30527265918
600881 :8,49,-0.0363029034269
600879 :3,20,0.0929745102504
600875 :15,44,-0.115991031894
600871 :15,62,-0.0563725490196
600877 :1,21,-0.128471049615
600882 :14,57,0.241544757151
600869 :3,20,0.184356856532
600876 :8,58,0.350133593111
600872 :15,26,-0.110395660867
600874 :3,51,-0.20294787723
600987 :15,65,3.36362915666
600864 :2,32,-0.154492595208
600862 :10,61,-0.0641129213905
600857 :13,64,-0.0789639924195
600854 :11,20,0.0556055333153
600847 :15,65,0.0
600868 :5,23,1.09888219711
600856 :4,39,1.34824572495
600846 :15,38,0.00505864036246
600988 :11,58,2.67326189527
600860 :9,53,1.28872942295
600866 :13,40,-0.131583859849
600855 :14,23,0.624514238448
600841 :11,63,0.00118586662594
600838 :9,25,0.275567548691
600873 :9,50,1.09221363749
600835 :3,26,0.0124938789787
600853 :15,37,0.732681443726
600828 :12,40,-0.0887290167866
600833 :7,23,0.0388025746801
600830 :14,25,0.217765204156
600851 :10,25,0.145048370127
600839 :15,65,0.610146979548
600827 :10,31,-0.571694801773
600821 :10,20,0.0212351051492
600837 :15,46,1.17921379131
600834 :15,32,0.530636315558
600816 :15,49,0.0294313550328
600823 :11,45,0.985511838964
600818 :15,52,0.620067444147
600820 :2,60,1.06582095869
600824 :7,38,0.117089601773
600809 :1,51,0.215057888199
600844 :15,65,-0.730044840976
600822 :9,63,-0.435014681365
600803 :4,49,-0.0774703557312
600804 :12,38,0.000158082854074
600792 :11,29,-0.00779571654323
600795 :9,30,0.0518725795144
600800 :2,50,0.176333236913
600798 :5,38,-0.394623234395
600789 :3,28,-0.0185399797039
600810 :10,29,0.27899604157
600829 :6,52,0.32593569426
600778 :14,62,-0.00200400801603
600784 :7,59,-0.255922123328
600776 :11,30,0.0958497223967
600794 :5,59,0.56742296222
600771 :13,27,0.204132231405
600775 :9,22,0.391421196964
600787 :4,27,0.185647227491
600791 :10,23,-0.189935877187
600790 :7,63,-0.281168198576
600769 :1,50,0.148495323075
600767 :11,22,-0.0363741517107
600796 :8,30,0.328799713252
600774 :15,29,0.307264703209
600781 :12,27,-0.271675685813
600811 :3,52,0.00764222302169
600761 :13,26,0.156951101111
600766 :2,25,-0.385579830942
600756 :14,39,-0.130867321085
600750 :11,20,0.183398842583
600758 :7,24,0.777087013654
600773 :15,40,-1.10144386552
600751 :2,20,0.00079647306819
600746 :15,64,-0.0793344714426
600753 :7,30,0.755044817526
600744 :3,51,-0.0918121372144
600743 :13,62,-0.0424242424242
600738 :5,39,0.0573770491803
600741 :8,24,0.0873387605367
600737 :15,22,0.0141347849681
600736 :12,24,0.00786140504362
600735 :14,23,0.160093007317
600739 :8,62,0.550687933331
600728 :15,24,-0.126921976038
600733 :5,36,1.04855102156
600734 :14,24,2.29834770977
600726 :10,32,0.0372604071901
600723 :12,22,0.142311706862
600731 :4,27,0.356009982022
600754 :14,57,0.484926142169
600717 :8,34,0.105802657931
600727 :4,26,1.14001824463
600713 :12,25,-0.0706162926792
600708 :15,49,0.0207366938451
600712 :3,47,-0.348376426149
600703 :15,36,-0.0865432378935
600702 :13,51,0.350896860987
600719 :15,31,0.647759565094
600720 :10,65,0.11178673013
600706 :13,23,-0.148980686327
600692 :15,26,0.0208972120024
600690 :6,52,0.235006119951
600701 :1,27,0.283135896602
600704 :1,44,2.44502821897
600716 :6,57,0.656731200926
600730 :12,21,1.32401275948
600686 :15,22,0.115533715677
600705 :10,45,1.41509583249
600680 :9,46,-0.258181396254
600685 :9,29,-0.226750696679
600689 :15,32,0.192880894487
600683 :4,54,-0.0471778098951
600687 :10,54,2.65328600362
600678 :1,26,0.286320805445
600666 :11,22,0.137705669823
600668 :6,56,0.158580738595
600667 :1,25,0.507517563145
600688 :14,23,0.61039035492
600682 :8,25,3.19585790545
600676 :9,65,0.991060793764
600674 :11,65,0.716257422874
600671 :15,46,0.324650998562
600684 :10,28,1.0962373722
600657 :15,34,0.0436601937616
600660 :11,24,0.137401914761
600653 :15,45,0.130952380952
600664 :15,57,0.400062205292
600665 :4,54,1.68661909152
600649 :9,61,-0.0630068621335
600651 :15,47,0.0290956494878
600647 :1,38,-0.122580745132
600655 :15,32,-0.242545100953
600636 :9,23,0.0301075268817
600673 :8,40,0.576825683716
600643 :7,24,0.0339789975068
600635 :9,32,-0.0384028578871
600633 :11,36,-0.0613857132057
600626 :13,44,0.0371478079588
600620 :13,27,0.0200485351734
600628 :12,64,0.12127984731
600619 :12,21,-0.15712755173
600617 :15,34,-0.172767578662
600618 :7,29,-0.0161150905189
600630 :5,40,-0.16846676738
600623 :8,44,-0.344521897306
600615 :15,25,0.219553370766
600613 :13,39,-0.0835975005988
600593 :11,38,-0.209792640647
600589 :10,34,0.0366769463644
600586 :12,38,0.0204626220265
600601 :2,61,0.944808284407
600582 :13,40,-0.0589048571948
600583 :13,33,-0.0267967343658
600621 :10,42,0.293960875133
600611 :12,44,0.848532507088
600585 :6,50,0.00523327845949
600662 :15,27,4.62358385998
600588 :15,46,2.82748284644
600616 :9,52,-0.0376584085244
600579 :3,58,0.0814134665744
600575 :9,60,-0.125
600624 :9,29,-0.404707462182
600567 :11,35,-0.0400091136933
600561 :12,25,0.0974391776641
600560 :15,31,-0.13937529926
600557 :7,20,0.0925865969126
600569 :7,54,-0.591804474335
600551 :3,21,-0.00790867207705
600555 :15,45,0.00733923585172
600566 :9,31,-0.00585948887716
600549 :10,64,0.35648818138
600545 :15,21,-0.0517620558714
600540 :15,28,0.0611881188119
600572 :15,51,0.0413499755005
600538 :12,27,0.207771178697
600543 :14,42,0.0744914799344
600529 :15,31,0.107165504122
600532 :10,25,0.0698971296723
600533 :7,20,0.203448773638
600527 :7,61,-0.087837158653
600528 :2,45,-0.129734608928
600547 :11,64,1.15557296111
600550 :1,60,0.706305260854
600537 :5,49,1.13327489429
600558 :14,41,0.867150757682
600536 :4,63,-0.0255981759697
600522 :4,22,0.601572739187
600523 :14,36,-0.0194507014328
600518 :13,30,0.0304009819967
600519 :5,52,0.68510716907
600516 :8,44,0.0671118673464
600517 :3,21,0.0776123091399
600513 :15,27,0.0338804494159
600512 :15,21,0.356375404841
600531 :8,23,0.976036367389
600520 :1,39,0.386561325168
600515 :15,47,-0.0680799109952
600510 :7,20,0.0558822965675
600521 :15,52,0.772994862805
600491 :3,29,0.404008029349
600490 :11,24,0.121969105576
600498 :15,26,0.101522978523
600507 :4,49,-0.0170761217705
600499 :10,61,-0.303692157222
600563 :15,65,2.04656200387
600493 :2,36,-0.384605784713
600482 :15,21,-0.110268827665
600477 :15,34,0.0126146788991
600462 :15,21,-0.0108599371412
600456 :5,20,0.0555613936164
600459 :2,23,0.504006287312
600468 :4,42,-0.216085816712
600503 :11,27,1.70718469593
600489 :13,47,0.197516812608
600486 :9,29,0.0623810664821
600479 :2,61,0.50136876912
600449 :6,27,0.0736817165685
600448 :9,29,-0.00143418971487
600460 :8,46,0.0592084163845
600438 :9,45,-0.165005479321
600446 :15,27,-0.0744098426519
600433 :15,57,-0.172752027426
600487 :15,46,1.51800091568
600429 :11,20,0.101400510953
600421 :10,37,0.0203502129673
600422 :13,39,0.0189730007449
600426 :14,43,-0.0777054165868
600415 :10,25,-0.0562370184583
600420 :13,28,-0.0767523268765
600409 :5,27,0.181038836939
600416 :3,25,-0.222593565097
600410 :1,57,-0.369571539126
600418 :11,31,0.172476465553
600396 :14,34,-0.0389185441941
600391 :6,22,0.0168721545059
600390 :8,49,0.0470957613815
600392 :7,21,0.4109887954
600393 :11,20,0.10733146843
600398 :9,40,0.0806659747165
600425 :7,65,-0.620106569159
600419 :10,39,1.31422233476
600458 :7,65,2.2173032634
600395 :14,42,-0.186371788613
600385 :1,45,0.39390739433
600382 :11,26,0.291552382679
600377 :8,22,0.105565851054
600405 :14,24,0.947485745408
600386 :7,59,0.453018299394
600371 :10,32,-0.150376958704
600362 :15,35,0.157372039725
600380 :4,47,-0.168660212505
600372 :7,48,-0.166115875651
600365 :9,22,0.254604320987
600359 :7,23,0.0249083421661
600356 :11,34,0.0155223374677
600367 :9,57,0.0694671615055
600355 :15,23,-0.120861021985
600350 :5,25,0.0215786838394
600345 :8,39,0.0444796648691
600363 :9,26,1.49398915946
600361 :4,62,0.851552611855
600346 :8,65,0.493353028065
600388 :8,64,1.60318483636
600348 :9,62,-0.44819227405
600373 :10,56,0.687764889318
600353 :7,28,1.45713531644
600336 :14,25,0.104817788197
600335 :6,33,0.104396254223
600340 :13,51,0.41313257105
600333 :12,23,0.179550539202
600330 :3,47,0.0147126666456
600327 :15,26,0.0576963124443
600331 :4,43,-0.25031280418
600338 :12,61,1.3593666679
600313 :14,60,0.185941043084
600312 :10,26,0.206046035989
600310 :3,20,0.150250027218
600308 :10,23,0.0933518138562
600328 :9,22,0.231122167955
600317 :6,47,-0.112599479619
600315 :3,59,-0.0678412247709
600305 :10,65,0.0820463320463
600332 :14,35,0.595979702321
600306 :1,28,-0.211394330473
600311 :5,52,-0.0656847996177
600303 :2,28,0.0343922151136
600299 :15,22,0.0515141517399
600321 :12,65,1.27667770725
600291 :6,63,-0.0828677839851
600287 :9,29,0.394011888427
600288 :15,23,-0.134115659078
600295 :9,46,-0.0838173376717
600300 :4,40,0.661490680072
600284 :8,60,-0.273101294987
600277 :15,57,-0.0923913711016
600273 :15,65,0.0
600270 :8,31,-0.0183227025499
600285 :8,52,0.115025747902
600281 :2,38,0.702351395599
600261 :1,48,-0.0667345225856
600269 :2,39,0.0291145868148
600262 :6,42,0.0773234497351
600257 :2,43,0.0772083334547
600242 :14,53,-0.0855955001223
600250 :2,52,0.89624543369
600290 :4,59,0.672790221834
600260 :1,22,1.03484608108
600297 :15,65,1.41818036326
600241 :1,27,0.235312529743
600238 :14,65,-0.102564102564
600237 :14,29,0.0579695433493
600252 :15,20,0.432694037523
600239 :4,56,0.669767127573
600228 :15,65,0.0
600227 :15,29,-0.0378804832869
600232 :13,50,0.219512195122
600231 :8,23,-0.146658387994
600235 :5,49,0.132203389831
600236 :12,56,2.42158935754
600251 :8,22,-0.601665072886
600226 :15,22,-0.0639506578737
600229 :2,23,0.441916056853
600225 :15,48,-0.276160630492
600215 :12,28,0.10460251046
600223 :3,41,0.522374166869
600216 :13,62,-0.045495430527
600203 :11,27,0.0651204711462
600211 :3,22,-0.229593586136
600202 :13,46,-0.138227932377
600220 :7,29,0.370724493748
600196 :4,26,0.150008938708
600213 :2,44,1.08398660849
600188 :4,48,0.0992889298138
600199 :4,53,0.121163133505
600217 :15,50,0.0417428934971
600193 :7,39,0.595035326393
600195 :7,31,0.236537875568
600186 :9,22,-0.0811577863985
600187 :3,20,-0.242409750041
600172 :14,26,-0.195089879802
600183 :6,62,0.334783012425
600170 :5,61,0.037037037037
600167 :15,46,0.0458155161881
600175 :6,41,0.287231577866
600180 :5,38,1.46793634683
600192 :13,54,0.263677208838
600149 :1,20,1.05583756345
600153 :3,20,-0.000400049417583
600146 :12,28,0.0140740740741
600151 :3,34,-0.349976438982
600155 :14,40,0.424122382494
600137 :11,27,-0.0725041369508
600152 :15,25,0.939768894931
600163 :7,25,0.21580568731
600173 :9,44,0.12814683923
600132 :11,64,0.103576751118
600130 :12,26,-0.0095064500861
600177 :8,44,2.32241837725
600127 :14,44,0.0133547826975
600126 :6,21,-0.0659521201304
600135 :3,32,0.74269945492
600118 :6,20,-0.0024315568553
600116 :10,64,-0.261564339781
600150 :14,61,0.330942986062
600133 :11,26,0.289663023291
600107 :15,52,-0.0419327957399
600121 :7,40,0.53992770646
600110 :3,54,0.127594461427
600160 :13,65,0.690105280341
600119 :10,22,0.87288524086
600125 :12,44,0.213020883814
600113 :3,21,0.237836891046
600114 :4,50,0.372752968977
600111 :7,51,0.0583072622672
600105 :15,61,2.18698397018
600141 :11,53,-0.332263232699
600103 :5,21,0.312010393668
600100 :3,46,0.141878067561
600106 :5,56,1.03648787194
600094 :13,24,0.274074074074
600090 :9,35,-0.120496680834
600096 :10,23,-0.569132172277
600086 :15,25,0.00319775398432
600080 :11,31,0.0920657276995
600079 :7,20,0.0882013892161
600089 :6,42,0.389211951599
600082 :1,47,-0.670471455314
600074 :1,31,-0.167790700065
600075 :13,34,0.134403578069
600095 :11,48,0.592477200489
600069 :10,26,0.364338602176
600101 :15,51,-1.05377330142
600083 :11,22,0.795231332551
600072 :8,38,0.734030998685
600062 :13,49,0.133714285714
600061 :15,60,-0.10352844364
600081 :14,24,-0.194170599402
600058 :6,62,0.0041264060283
600057 :14,37,-0.000564544308048
600093 :8,48,0.555696733501
600109 :4,49,0.758932328654
600064 :13,21,0.0326729545872
600068 :8,50,2.44360003936
600054 :14,65,-0.249951170579
600052 :6,65,0.011525974026
600035 :5,47,-0.19142560643
600059 :4,57,-0.169430800338
600031 :12,31,0.0140279392314
600028 :14,47,-0.0306011412394
600050 :7,52,0.0793288699408
600063 :15,54,0.682876073589
600018 :15,48,-0.0833801092998
600038 :13,20,0.402889456032
600012 :9,61,-0.101077709179
600006 :14,20,0.238102895311
600029 :13,26,1.6174620386
600007 :14,27,0.42329726289
